[22, 13, 17, 11, 0]
[8, 2, 23, 4, 24]
[21, 9, 14, 16, 7]
[6, 10, 3, 18, 5]
[1, 12, 20, 15, 19]

[3, 15, 0, 2, 22]
[9, 18, 13, 17, 5]
[19, 8, 7, 25, 23]
[20, 11, 10, 24, 4]
[14, 21, 16, 12, 6]

[14, 21, 17, 24, 4]
[10, 16, 15, 9, 19]
[18, 8, 23, 26, 20]
[22, 11, 13, 6, 5]
[2, 0, 12, 3, 7]

zop [([22, 13, 17, 11, 0],), ([8, 2, 23, 4, 24],), ([21, 9, 14, 16, 7],), ([6, 10, 3, 18, 5],), ([1, 12, 20, 15, 19],)]
zop [([3, 15, 0, 2, 22],), ([9, 18, 13, 17, 5],), ([19, 8, 7, 25, 23],), ([20, 11, 10, 24, 4],), ([14, 21, 16, 12, 6],)]
zop [([14, 21, 17, 24, 4],), ([10, 16, 15, 9, 19],), ([18, 8, 23, 26, 20],), ([22, 11, 13, 6, 5],), ([2, 0, 12, 3, 7],)]
zop [([22, 13, 17, 11, 0],), ([8, 2, 23, 4, 24],), ([21, 9, 14, 16, 7],), ([6, 10, 3, 18, 5],), ([1, 12, 20, 15, 19],)]
zop [([3, 15, 0, 2, 22],), ([9, 18, 13, 17, 5],), ([19, 8, 7, 25, 23],), ([20, 11, 10, 24, 4],), ([14, 21, 16, 12, 6],)]
zop [([14, 21, 17, 24, 4],), ([10, 16, 15, 9, 19],), ([18, 8, 23, 26, 20],), ([22, 11, 13, 6, 5],), ([2, 0, 12, 3, 7],)]
zop [([22, 13, 17, 11, 0],), ([8, 2, 23, 4, 24],), ([21, 9, 14, 16, 7],), ([6, 10, 3, 18, 5],), ([1, 12, 20, 15, 19],)]
zop [([3, 15, 0, 2, 22],), ([9, 18, 13, 17, 5],), ([19, 8, 7, 25, 23],), ([20, 11, 10, 24, 4],), ([14, 21, 16, 12, 6],)]
zop [([14, 21, 17, 24, 4],), ([10, 16, 15, 9, 19],), ([18, 8, 23, 26, 20],), ([22, 11, 13, 6, 5],), ([2, 0, 12, 3, 7],)]
zop [([22, 13, 17, 11, 0],), ([8, 2, 23, 4, 24],), ([21, 9, 14, 16, 7],), ([6, 10, 3, 18, 5],), ([1, 12, 20, 15, 19],)]
zop [([3, 15, 0, 2, 22],), ([9, 18, 13, 17, 5],), ([19, 8, 7, 25, 23],), ([20, 11, 10, 24, 4],), ([14, 21, 16, 12, 6],)]
zop [([14, 21, 17, 24, 4],), ([10, 16, 15, 9, 19],), ([18, 8, 23, 26, 20],), ([22, 11, 13, 6, 5],), ([2, 0, 12, 3, 7],)]
zop [([22, 13, 17, 11, 0],), ([8, 2, 23, 4, 24],), ([21, 9, 14, 16, 7],), ([6, 10, 3, 18, 5],), ([1, 12, 20, 15, 19],)]
zop [([3, 15, 0, 2, 22],), ([9, 18, 13, 17, 5],), ([19, 8, 7, 25, 23],), ([20, 11, 10, 24, 4],), ([14, 21, 16, 12, 6],)]
zop [([14, 21, 17, 24, 4],), ([10, 16, 15, 9, 19],), ([18, 8, 23, 26, 20],), ([22, 11, 13, 6, 5],), ([2, 0, 12, 3, 7],)]
zop [([22, 13, 17, 11, 0],), ([8, 2, 23, 4, 24],), ([21, 9, 14, 16, 7],), ([6, 10, 3, 18, 5],), ([1, 12, 20, 15, 19],)]
zop [([3, 15, 0, 2, 22],), ([9, 18, 13, 17, 5],), ([19, 8, 7, 25, 23],), ([20, 11, 10, 24, 4],), ([14, 21, 16, 12, 6],)]
zop [([14, 21, 17, 24, 4],), ([10, 16, 15, 9, 19],), ([18, 8, 23, 26, 20],), ([22, 11, 13, 6, 5],), ([2, 0, 12, 3, 7],)]
zop [([22, 13, 17, 11, 0],), ([8, 2, 23, 4, 24],), ([21, 9, 14, 16, 7],), ([6, 10, 3, 18, 5],), ([1, 12, 20, 15, 19],)]
zop [([3, 15, 0, 2, 22],), ([9, 18, 13, 17, 5],), ([19, 8, 7, 25, 23],), ([20, 11, 10, 24, 4],), ([14, 21, 16, 12, 6],)]
zop [([14, 21, 17, 24, 4],), ([10, 16, 15, 9, 19],), ([18, 8, 23, 26, 20],), ([22, 11, 13, 6, 5],), ([2, 0, 12, 3, 7],)]
zop [([22, 13, 17, 11, 0],), ([8, 2, 23, 4, 24],), ([21, 9, 14, 16, 7],), ([6, 10, 3, 18, 5],), ([1, 12, 20, 15, 19],)]
zop [([3, 15, 0, 2, 22],), ([9, 18, 13, 17, 5],), ([19, 8, 7, 25, 23],), ([20, 11, 10, 24, 4],), ([14, 21, 16, 12, 6],)]
zop [([14, 21, 17, 24, 4],), ([10, 16, 15, 9, 19],), ([18, 8, 23, 26, 20],), ([22, 11, 13, 6, 5],), ([2, 0, 12, 3, 7],)]
zop [([22, 13, 17, 11, 0],), ([8, 2, 23, 4, 24],), ([21, 9, 14, 16, 7],), ([6, 10, 3, 18, 5],), ([1, 12, 20, 15, 19],)]
zop [([3, 15, 0, 2, 22],), ([9, 18, 13, 17, 5],), ([19, 8, 7, 25, 23],), ([20, 11, 10, 24, 4],), ([14, 21, 16, 12, 6],)]
zop [([14, 21, 17, 24, 4],), ([10, 16, 15, 9, 19],), ([18, 8, 23, 26, 20],), ([22, 11, 13, 6, 5],), ([2, 0, 12, 3, 7],)]
zop [([22, 13, 17, 11, 0],), ([8, 2, 23, 4, 24],), ([21, 9, 14, 16, 7],), ([6, 10, 3, 18, 5],), ([1, 12, 20, 15, 19],)]
zop [([3, 15, 0, 2, 22],), ([9, 18, 13, 17, 5],), ([19, 8, 7, 25, 23],), ([20, 11, 10, 24, 4],), ([14, 21, 16, 12, 6],)]
zop [([14, 21, 17, 24, 4],), ([10, 16, 15, 9, 19],), ([18, 8, 23, 26, 20],), ([22, 11, 13, 6, 5],), ([2, 0, 12, 3, 7],)]
zop [([22, 13, 17, 11, 0],), ([8, 2, 23, 4, 24],), ([21, 9, 14, 16, 7],), ([6, 10, 3, 18, 5],), ([1, 12, 20, 15, 19],)]
zop [([3, 15, 0, 2, 22],), ([9, 18, 13, 17, 5],), ([19, 8, 7, 25, 23],), ([20, 11, 10, 24, 4],), ([14, 21, 16, 12, 6],)]
zop [([14, 21, 17, 24, 4],), ([10, 16, 15, 9, 19],), ([18, 8, 23, 26, 20],), ([22, 11, 13, 6, 5],), ([2, 0, 12, 3, 7],)]
zop [([22, 13, 17, 11, 0],), ([8, 2, 23, 4, 24],), ([21, 9, 14, 16, 7],), ([6, 10, 3, 18, 5],), ([1, 12, 20, 15, 19],)]
zop [([3, 15, 0, 2, 22],), ([9, 18, 13, 17, 5],), ([19, 8, 7, 25, 23],), ([20, 11, 10, 24, 4],), ([14, 21, 16, 12, 6],)]
zop [([14, 21, 17, 24, 4],), ([10, 16, 15, 9, 19],), ([18, 8, 23, 26, 20],), ([22, 11, 13, 6, 5],), ([2, 0, 12, 3, 7],)]
win 2
[-1, -1, -1, -1, -1]
[10, 16, 15, -1, 19]
[18, 8, -1, 26, 20]
[22, -1, 13, 6, -1]
[-1, -1, 12, 3, -1]
4512
zop [([22, 13, 17, 11, 0],), ([8, 2, 23, 4, 24],), ([21, 9, 14, 16, 7],), ([6, 10, 3, 18, 5],), ([1, 12, 20, 15, 19],)]
zop [([3, 15, 0, 2, 22],), ([9, 18, 13, 17, 5],), ([19, 8, 7, 25, 23],), ([20, 11, 10, 24, 4],), ([14, 21, 16, 12, 6],)]
zop [([14, 21, 17, 24, 4],), ([10, 16, 15, 9, 19],), ([18, 8, 23, 26, 20],), ([22, 11, 13, 6, 5],), ([2, 0, 12, 3, 7],)]
zop [([22, 13, 17, 11, 0],), ([8, 2, 23, 4, 24],), ([21, 9, 14, 16, 7],), ([6, 10, 3, 18, 5],), ([1, 12, 20, 15, 19],)]
win 0
[22, 13, -1, -1, -1]
[8, -1, -1, -1, -1]
[-1, -1, -1, -1, -1]
[6, -1, 3, 18, -1]
[1, 12, 20, 15, 19]
2192
zop [([3, 15, 0, 2, 22],), ([9, 18, 13, 17, 5],), ([19, 8, 7, 25, 23],), ([20, 11, 10, 24, 4],), ([14, 21, 16, 12, 6],)]
zop [([14, 21, 17, 24, 4],), ([10, 16, 15, 9, 19],), ([18, 8, 23, 26, 20],), ([22, 11, 13, 6, 5],), ([2, 0, 12, 3, 7],)]
zop [([22, 13, 17, 11, 0],), ([8, 2, 23, 4, 24],), ([21, 9, 14, 16, 7],), ([6, 10, 3, 18, 5],), ([1, 12, 20, 15, 19],)]
zop [([3, 15, 0, 2, 22],), ([9, 18, 13, 17, 5],), ([19, 8, 7, 25, 23],), ([20, 11, 10, 24, 4],), ([14, 21, 16, 12, 6],)]
zop [([14, 21, 17, 24, 4],), ([10, 16, 15, 9, 19],), ([18, 8, 23, 26, 20],), ([22, 11, 13, 6, 5],), ([2, 0, 12, 3, 7],)]
zop [([22, 13, 17, 11, 0],), ([8, 2, 23, 4, 24],), ([21, 9, 14, 16, 7],), ([6, 10, 3, 18, 5],), ([1, 12, 20, 15, 19],)]
zop [([3, 15, 0, 2, 22],), ([9, 18, 13, 17, 5],), ([19, 8, 7, 25, 23],), ([20, 11, 10, 24, 4],), ([14, 21, 16, 12, 6],)]
zop [([14, 21, 17, 24, 4],), ([10, 16, 15, 9, 19],), ([18, 8, 23, 26, 20],), ([22, 11, 13, 6, 5],), ([2, 0, 12, 3, 7],)]
zop [([22, 13, 17, 11, 0],), ([8, 2, 23, 4, 24],), ([21, 9, 14, 16, 7],), ([6, 10, 3, 18, 5],), ([1, 12, 20, 15, 19],)]
zop [([3, 15, 0, 2, 22],), ([9, 18, 13, 17, 5],), ([19, 8, 7, 25, 23],), ([20, 11, 10, 24, 4],), ([14, 21, 16, 12, 6],)]
zop [([14, 21, 17, 24, 4],), ([10, 16, 15, 9, 19],), ([18, 8, 23, 26, 20],), ([22, 11, 13, 6, 5],), ([2, 0, 12, 3, 7],)]
zop [([22, 13, 17, 11, 0],), ([8, 2, 23, 4, 24],), ([21, 9, 14, 16, 7],), ([6, 10, 3, 18, 5],), ([1, 12, 20, 15, 19],)]
zop [([3, 15, 0, 2, 22],), ([9, 18, 13, 17, 5],), ([19, 8, 7, 25, 23],), ([20, 11, 10, 24, 4],), ([14, 21, 16, 12, 6],)]
zop [([14, 21, 17, 24, 4],), ([10, 16, 15, 9, 19],), ([18, 8, 23, 26, 20],), ([22, 11, 13, 6, 5],), ([2, 0, 12, 3, 7],)]
zop [([22, 13, 17, 11, 0],), ([8, 2, 23, 4, 24],), ([21, 9, 14, 16, 7],), ([6, 10, 3, 18, 5],), ([1, 12, 20, 15, 19],)]
zop [([3, 15, 0, 2, 22],), ([9, 18, 13, 17, 5],), ([19, 8, 7, 25, 23],), ([20, 11, 10, 24, 4],), ([14, 21, 16, 12, 6],)]
win 1
[3, -1, -1, -1, 22]
[-1, 18, -1, -1, -1]
[19, 8, -1, -1, -1]
[20, -1, -1, -1, -1]
[-1, -1, -1, -1, -1]
1080
zop [([14, 21, 17, 24, 4],), ([10, 16, 15, 9, 19],), ([18, 8, 23, 26, 20],), ([22, 11, 13, 6, 5],), ([2, 0, 12, 3, 7],)]
zop [([22, 13, 17, 11, 0],), ([8, 2, 23, 4, 24],), ([21, 9, 14, 16, 7],), ([6, 10, 3, 18, 5],), ([1, 12, 20, 15, 19],)]
zop [([3, 15, 0, 2, 22],), ([9, 18, 13, 17, 5],), ([19, 8, 7, 25, 23],), ([20, 11, 10, 24, 4],), ([14, 21, 16, 12, 6],)]
zop [([14, 21, 17, 24, 4],), ([10, 16, 15, 9, 19],), ([18, 8, 23, 26, 20],), ([22, 11, 13, 6, 5],), ([2, 0, 12, 3, 7],)]
zop [([22, 13, 17, 11, 0],), ([8, 2, 23, 4, 24],), ([21, 9, 14, 16, 7],), ([6, 10, 3, 18, 5],), ([1, 12, 20, 15, 19],)]
zop [([3, 15, 0, 2, 22],), ([9, 18, 13, 17, 5],), ([19, 8, 7, 25, 23],), ([20, 11, 10, 24, 4],), ([14, 21, 16, 12, 6],)]
zop [([14, 21, 17, 24, 4],), ([10, 16, 15, 9, 19],), ([18, 8, 23, 26, 20],), ([22, 11, 13, 6, 5],), ([2, 0, 12, 3, 7],)]
zop [([22, 13, 17, 11, 0],), ([8, 2, 23, 4, 24],), ([21, 9, 14, 16, 7],), ([6, 10, 3, 18, 5],), ([1, 12, 20, 15, 19],)]
zop [([3, 15, 0, 2, 22],), ([9, 18, 13, 17, 5],), ([19, 8, 7, 25, 23],), ([20, 11, 10, 24, 4],), ([14, 21, 16, 12, 6],)]
zop [([14, 21, 17, 24, 4],), ([10, 16, 15, 9, 19],), ([18, 8, 23, 26, 20],), ([22, 11, 13, 6, 5],), ([2, 0, 12, 3, 7],)]
zop [([22, 13, 17, 11, 0],), ([8, 2, 23, 4, 24],), ([21, 9, 14, 16, 7],), ([6, 10, 3, 18, 5],), ([1, 12, 20, 15, 19],)]
zop [([3, 15, 0, 2, 22],), ([9, 18, 13, 17, 5],), ([19, 8, 7, 25, 23],), ([20, 11, 10, 24, 4],), ([14, 21, 16, 12, 6],)]
zop [([14, 21, 17, 24, 4],), ([10, 16, 15, 9, 19],), ([18, 8, 23, 26, 20],), ([22, 11, 13, 6, 5],), ([2, 0, 12, 3, 7],)]
zop [([22, 13, 17, 11, 0],), ([8, 2, 23, 4, 24],), ([21, 9, 14, 16, 7],), ([6, 10, 3, 18, 5],), ([1, 12, 20, 15, 19],)]
zop [([3, 15, 0, 2, 22],), ([9, 18, 13, 17, 5],), ([19, 8, 7, 25, 23],), ([20, 11, 10, 24, 4],), ([14, 21, 16, 12, 6],)]
zop [([14, 21, 17, 24, 4],), ([10, 16, 15, 9, 19],), ([18, 8, 23, 26, 20],), ([22, 11, 13, 6, 5],), ([2, 0, 12, 3, 7],)]
zop [([22, 13, 17, 11, 0],), ([8, 2, 23, 4, 24],), ([21, 9, 14, 16, 7],), ([6, 10, 3, 18, 5],), ([1, 12, 20, 15, 19],)]
zop [([3, 15, 0, 2, 22],), ([9, 18, 13, 17, 5],), ([19, 8, 7, 25, 23],), ([20, 11, 10, 24, 4],), ([14, 21, 16, 12, 6],)]
zop [([14, 21, 17, 24, 4],), ([10, 16, 15, 9, 19],), ([18, 8, 23, 26, 20],), ([22, 11, 13, 6, 5],), ([2, 0, 12, 3, 7],)]
zop [([22, 13, 17, 11, 0],), ([8, 2, 23, 4, 24],), ([21, 9, 14, 16, 7],), ([6, 10, 3, 18, 5],), ([1, 12, 20, 15, 19],)]
zop [([3, 15, 0, 2, 22],), ([9, 18, 13, 17, 5],), ([19, 8, 7, 25, 23],), ([20, 11, 10, 24, 4],), ([14, 21, 16, 12, 6],)]
zop [([14, 21, 17, 24, 4],), ([10, 16, 15, 9, 19],), ([18, 8, 23, 26, 20],), ([22, 11, 13, 6, 5],), ([2, 0, 12, 3, 7],)]
zop [([22, 13, 17, 11, 0],), ([8, 2, 23, 4, 24],), ([21, 9, 14, 16, 7],), ([6, 10, 3, 18, 5],), ([1, 12, 20, 15, 19],)]
zop [([3, 15, 0, 2, 22],), ([9, 18, 13, 17, 5],), ([19, 8, 7, 25, 23],), ([20, 11, 10, 24, 4],), ([14, 21, 16, 12, 6],)]
zop [([14, 21, 17, 24, 4],), ([10, 16, 15, 9, 19],), ([18, 8, 23, 26, 20],), ([22, 11, 13, 6, 5],), ([2, 0, 12, 3, 7],)]
zop [([3, 15, 0, 2, 22],), ([9, 18, 13, 17, 5],), ([19, 8, 7, 25, 23],), ([20, 11, 10, 24, 4],), ([14, 21, 16, 12, 6],)]
zop [([3, 15, 0, 2, 22],), ([9, 18, 13, 17, 5],), ([19, 8, -1, 25, 23],), ([20, 11, 10, 24, 4],), ([14, 21, 16, 12, 6],)]
 7
[3, 15, 0, 2, 22]
[9, 18, 13, 17, 5]
[19, 8, -1, 25, 23]
[20, 11, 10, 24, 4]
[14, 21, 16, 12, 6]

zop [([3, 15, 0, 2, 22],), ([9, 18, 13, 17, 5],), ([19, 8, 7, 25, 23],), ([20, 11, 10, 24, 4],), ([14, 21, 16, 12, 6],)]
zop [([3, 15, 0, 2, 22],), ([9, 18, 13, 17, 5],), ([19, 8, -1, 25, 23],), ([20, 11, 10, 24, -1],), ([14, 21, 16, 12, 6],)]
 4
[3, 15, 0, 2, 22]
[9, 18, 13, 17, 5]
[19, 8, -1, 25, 23]
[20, 11, 10, 24, -1]
[14, 21, 16, 12, 6]

zop [([3, 15, 0, 2, 22],), ([9, 18, 13, 17, 5],), ([19, 8, 7, 25, 23],), ([20, 11, 10, 24, 4],), ([14, 21, 16, 12, 6],)]
zop [([3, 15, 0, 2, 22],), ([-1, 18, 13, 17, 5],), ([19, 8, -1, 25, 23],), ([20, 11, 10, 24, -1],), ([14, 21, 16, 12, 6],)]
 9
[3, 15, 0, 2, 22]
[-1, 18, 13, 17, 5]
[19, 8, -1, 25, 23]
[20, 11, 10, 24, -1]
[14, 21, 16, 12, 6]

zop [([3, 15, 0, 2, 22],), ([9, 18, 13, 17, 5],), ([19, 8, 7, 25, 23],), ([20, 11, 10, 24, 4],), ([14, 21, 16, 12, 6],)]
zop [([3, 15, 0, 2, 22],), ([-1, 18, 13, 17, -1],), ([19, 8, -1, 25, 23],), ([20, 11, 10, 24, -1],), ([14, 21, 16, 12, 6],)]
 5
[3, 15, 0, 2, 22]
[-1, 18, 13, 17, -1]
[19, 8, -1, 25, 23]
[20, 11, 10, 24, -1]
[14, 21, 16, 12, 6]

zop [([3, 15, 0, 2, 22],), ([9, 18, 13, 17, 5],), ([19, 8, 7, 25, 23],), ([20, 11, 10, 24, 4],), ([14, 21, 16, 12, 6],)]
zop [([3, 15, 0, 2, 22],), ([-1, 18, 13, 17, -1],), ([19, 8, -1, 25, 23],), ([20, -1, 10, 24, -1],), ([14, 21, 16, 12, 6],)]
 11
[3, 15, 0, 2, 22]
[-1, 18, 13, 17, -1]
[19, 8, -1, 25, 23]
[20, -1, 10, 24, -1]
[14, 21, 16, 12, 6]

zop [([3, 15, 0, 2, 22],), ([9, 18, 13, 17, 5],), ([19, 8, 7, 25, 23],), ([20, 11, 10, 24, 4],), ([14, 21, 16, 12, 6],)]
zop [([3, 15, 0, 2, 22],), ([-1, 18, 13, -1, -1],), ([19, 8, -1, 25, 23],), ([20, -1, 10, 24, -1],), ([14, 21, 16, 12, 6],)]
 17
[3, 15, 0, 2, 22]
[-1, 18, 13, -1, -1]
[19, 8, -1, 25, 23]
[20, -1, 10, 24, -1]
[14, 21, 16, 12, 6]

zop [([3, 15, 0, 2, 22],), ([9, 18, 13, 17, 5],), ([19, 8, 7, 25, 23],), ([20, 11, 10, 24, 4],), ([14, 21, 16, 12, 6],)]
zop [([3, 15, 0, 2, 22],), ([-1, 18, 13, -1, -1],), ([19, 8, -1, 25, -1],), ([20, -1, 10, 24, -1],), ([14, 21, 16, 12, 6],)]
 23
[3, 15, 0, 2, 22]
[-1, 18, 13, -1, -1]
[19, 8, -1, 25, -1]
[20, -1, 10, 24, -1]
[14, 21, 16, 12, 6]

zop [([3, 15, 0, 2, 22],), ([9, 18, 13, 17, 5],), ([19, 8, 7, 25, 23],), ([20, 11, 10, 24, 4],), ([14, 21, 16, 12, 6],)]
zop [([3, 15, 0, -1, 22],), ([-1, 18, 13, -1, -1],), ([19, 8, -1, 25, -1],), ([20, -1, 10, 24, -1],), ([14, 21, 16, 12, 6],)]
 2
[3, 15, 0, -1, 22]
[-1, 18, 13, -1, -1]
[19, 8, -1, 25, -1]
[20, -1, 10, 24, -1]
[14, 21, 16, 12, 6]

zop [([3, 15, 0, 2, 22],), ([9, 18, 13, 17, 5],), ([19, 8, 7, 25, 23],), ([20, 11, 10, 24, 4],), ([14, 21, 16, 12, 6],)]
zop [([3, 15, -1, -1, 22],), ([-1, 18, 13, -1, -1],), ([19, 8, -1, 25, -1],), ([20, -1, 10, 24, -1],), ([14, 21, 16, 12, 6],)]
 0
[3, 15, -1, -1, 22]
[-1, 18, 13, -1, -1]
[19, 8, -1, 25, -1]
[20, -1, 10, 24, -1]
[14, 21, 16, 12, 6]

zop [([3, 15, 0, 2, 22],), ([9, 18, 13, 17, 5],), ([19, 8, 7, 25, 23],), ([20, 11, 10, 24, 4],), ([14, 21, 16, 12, 6],)]
zop [([3, 15, -1, -1, 22],), ([-1, 18, 13, -1, -1],), ([19, 8, -1, 25, -1],), ([20, -1, 10, 24, -1],), ([-1, 21, 16, 12, 6],)]
 14
[3, 15, -1, -1, 22]
[-1, 18, 13, -1, -1]
[19, 8, -1, 25, -1]
[20, -1, 10, 24, -1]
[-1, 21, 16, 12, 6]

zop [([3, 15, 0, 2, 22],), ([9, 18, 13, 17, 5],), ([19, 8, 7, 25, 23],), ([20, 11, 10, 24, 4],), ([14, 21, 16, 12, 6],)]
zop [([3, 15, -1, -1, 22],), ([-1, 18, 13, -1, -1],), ([19, 8, -1, 25, -1],), ([20, -1, 10, 24, -1],), ([-1, -1, 16, 12, 6],)]
 21
[3, 15, -1, -1, 22]
[-1, 18, 13, -1, -1]
[19, 8, -1, 25, -1]
[20, -1, 10, 24, -1]
[-1, -1, 16, 12, 6]

zop [([3, 15, 0, 2, 22],), ([9, 18, 13, 17, 5],), ([19, 8, 7, 25, 23],), ([20, 11, 10, 24, 4],), ([14, 21, 16, 12, 6],)]
zop [([3, 15, -1, -1, 22],), ([-1, 18, 13, -1, -1],), ([19, 8, -1, 25, -1],), ([20, -1, 10, -1, -1],), ([-1, -1, 16, 12, 6],)]
 24
[3, 15, -1, -1, 22]
[-1, 18, 13, -1, -1]
[19, 8, -1, 25, -1]
[20, -1, 10, -1, -1]
[-1, -1, 16, 12, 6]

zop [([3, 15, 0, 2, 22],), ([9, 18, 13, 17, 5],), ([19, 8, 7, 25, 23],), ([20, 11, 10, 24, 4],), ([14, 21, 16, 12, 6],)]
zop [([3, 15, -1, -1, 22],), ([-1, 18, 13, -1, -1],), ([19, 8, -1, 25, -1],), ([20, -1, -1, -1, -1],), ([-1, -1, 16, 12, 6],)]
 10
[3, 15, -1, -1, 22]
[-1, 18, 13, -1, -1]
[19, 8, -1, 25, -1]
[20, -1, -1, -1, -1]
[-1, -1, 16, 12, 6]

zop [([3, 15, 0, 2, 22],), ([9, 18, 13, 17, 5],), ([19, 8, 7, 25, 23],), ([20, 11, 10, 24, 4],), ([14, 21, 16, 12, 6],)]
zop [([3, 15, -1, -1, 22],), ([-1, 18, 13, -1, -1],), ([19, 8, -1, 25, -1],), ([20, -1, -1, -1, -1],), ([-1, -1, -1, 12, 6],)]
 16
[3, 15, -1, -1, 22]
[-1, 18, 13, -1, -1]
[19, 8, -1, 25, -1]
[20, -1, -1, -1, -1]
[-1, -1, -1, 12, 6]

zop [([3, 15, 0, 2, 22],), ([9, 18, 13, 17, 5],), ([19, 8, 7, 25, 23],), ([20, 11, 10, 24, 4],), ([14, 21, 16, 12, 6],)]
zop [([3, 15, -1, -1, 22],), ([-1, 18, -1, -1, -1],), ([19, 8, -1, 25, -1],), ([20, -1, -1, -1, -1],), ([-1, -1, -1, 12, 6],)]
 13
[3, 15, -1, -1, 22]
[-1, 18, -1, -1, -1]
[19, 8, -1, 25, -1]
[20, -1, -1, -1, -1]
[-1, -1, -1, 12, 6]

zop [([3, 15, 0, 2, 22],), ([9, 18, 13, 17, 5],), ([19, 8, 7, 25, 23],), ([20, 11, 10, 24, 4],), ([14, 21, 16, 12, 6],)]
zop [([3, 15, -1, -1, 22],), ([-1, 18, -1, -1, -1],), ([19, 8, -1, 25, -1],), ([20, -1, -1, -1, -1],), ([-1, -1, -1, 12, -1],)]
 6
[3, 15, -1, -1, 22]
[-1, 18, -1, -1, -1]
[19, 8, -1, 25, -1]
[20, -1, -1, -1, -1]
[-1, -1, -1, 12, -1]

zop [([3, 15, 0, 2, 22],), ([9, 18, 13, 17, 5],), ([19, 8, 7, 25, 23],), ([20, 11, 10, 24, 4],), ([14, 21, 16, 12, 6],)]
zop [([3, -1, -1, -1, 22],), ([-1, 18, -1, -1, -1],), ([19, 8, -1, 25, -1],), ([20, -1, -1, -1, -1],), ([-1, -1, -1, 12, -1],)]
 15
[3, -1, -1, -1, 22]
[-1, 18, -1, -1, -1]
[19, 8, -1, 25, -1]
[20, -1, -1, -1, -1]
[-1, -1, -1, 12, -1]

zop [([3, 15, 0, 2, 22],), ([9, 18, 13, 17, 5],), ([19, 8, 7, 25, 23],), ([20, 11, 10, 24, 4],), ([14, 21, 16, 12, 6],)]
zop [([3, -1, -1, -1, 22],), ([-1, 18, -1, -1, -1],), ([19, 8, -1, -1, -1],), ([20, -1, -1, -1, -1],), ([-1, -1, -1, 12, -1],)]
 25
[3, -1, -1, -1, 22]
[-1, 18, -1, -1, -1]
[19, 8, -1, -1, -1]
[20, -1, -1, -1, -1]
[-1, -1, -1, 12, -1]

zop [([3, 15, 0, 2, 22],), ([9, 18, 13, 17, 5],), ([19, 8, 7, 25, 23],), ([20, 11, 10, 24, 4],), ([14, 21, 16, 12, 6],)]
*zop [([3, -1, -1, -1, 22],), ([-1, 18, -1, -1, -1],), ([19, 8, -1, -1, -1],), ([20, -1, -1, -1, -1],), ([-1, -1, -1, -1, -1],)]
win 12
[3, -1, -1, -1, 22]
[-1, 18, -1, -1, -1]
[19, 8, -1, -1, -1]
[20, -1, -1, -1, -1]
[-1, -1, -1, -1, -1]

zop [([3, 15, 0, 2, 22],), ([9, 18, 13, 17, 5],), ([19, 8, 7, 25, 23],), ([20, 11, 10, 24, 4],), ([14, 21, 16, 12, 6],)]
*zop [([3, -1, -1, -1, -1],), ([-1, 18, -1, -1, -1],), ([19, 8, -1, -1, -1],), ([20, -1, -1, -1, -1],), ([-1, -1, -1, -1, -1],)]
win 22
[3, -1, -1, -1, -1]
[-1, 18, -1, -1, -1]
[19, 8, -1, -1, -1]
[20, -1, -1, -1, -1]
[-1, -1, -1, -1, -1]

zop [([3, 15, 0, 2, 22],), ([9, 18, 13, 17, 5],), ([19, 8, 7, 25, 23],), ([20, 11, 10, 24, 4],), ([14, 21, 16, 12, 6],)]
*zop [([3, -1, -1, -1, -1],), ([-1, -1, -1, -1, -1],), ([19, 8, -1, -1, -1],), ([20, -1, -1, -1, -1],), ([-1, -1, -1, -1, -1],)]
win 18
[3, -1, -1, -1, -1]
[-1, -1, -1, -1, -1]
[19, 8, -1, -1, -1]
[20, -1, -1, -1, -1]
[-1, -1, -1, -1, -1]

zop [([3, 15, 0, 2, 22],), ([9, 18, 13, 17, 5],), ([19, 8, 7, 25, 23],), ([20, 11, 10, 24, 4],), ([14, 21, 16, 12, 6],)]
*zop [([3, -1, -1, -1, -1],), ([-1, -1, -1, -1, -1],), ([19, 8, -1, -1, -1],), ([-1, -1, -1, -1, -1],), ([-1, -1, -1, -1, -1],)]
win 20
[3, -1, -1, -1, -1]
[-1, -1, -1, -1, -1]
[19, 8, -1, -1, -1]
[-1, -1, -1, -1, -1]
[-1, -1, -1, -1, -1]

zop [([3, 15, 0, 2, 22],), ([9, 18, 13, 17, 5],), ([19, 8, 7, 25, 23],), ([20, 11, 10, 24, 4],), ([14, 21, 16, 12, 6],)]
*zop [([3, -1, -1, -1, -1],), ([-1, -1, -1, -1, -1],), ([19, -1, -1, -1, -1],), ([-1, -1, -1, -1, -1],), ([-1, -1, -1, -1, -1],)]
win 8
[3, -1, -1, -1, -1]
[-1, -1, -1, -1, -1]
[19, -1, -1, -1, -1]
[-1, -1, -1, -1, -1]
[-1, -1, -1, -1, -1]

zop [([3, 15, 0, 2, 22],), ([9, 18, 13, 17, 5],), ([19, 8, 7, 25, 23],), ([20, 11, 10, 24, 4],), ([14, 21, 16, 12, 6],)]
*zop [([3, -1, -1, -1, -1],), ([-1, -1, -1, -1, -1],), ([-1, -1, -1, -1, -1],), ([-1, -1, -1, -1, -1],), ([-1, -1, -1, -1, -1],)]
win 19
[3, -1, -1, -1, -1]
[-1, -1, -1, -1, -1]
[-1, -1, -1, -1, -1]
[-1, -1, -1, -1, -1]
[-1, -1, -1, -1, -1]

zop [([3, 15, 0, 2, 22],), ([9, 18, 13, 17, 5],), ([19, 8, 7, 25, 23],), ([20, 11, 10, 24, 4],), ([14, 21, 16, 12, 6],)]
*zop [([-1, -1, -1, -1, -1],), ([-1, -1, -1, -1, -1],), ([-1, -1, -1, -1, -1],), ([-1, -1, -1, -1, -1],), ([-1, -1, -1, -1, -1],)]
win 3
[-1, -1, -1, -1, -1]
[-1, -1, -1, -1, -1]
[-1, -1, -1, -1, -1]
[-1, -1, -1, -1, -1]
[-1, -1, -1, -1, -1]

zop [([3, 15, 0, 2, 22],), ([9, 18, 13, 17, 5],), ([19, 8, 7, 25, 23],), ([20, 11, 10, 24, 4],), ([14, 21, 16, 12, 6],)]
*zop [([-1, -1, -1, -1, -1],), ([-1, -1, -1, -1, -1],), ([-1, -1, -1, -1, -1],), ([-1, -1, -1, -1, -1],), ([-1, -1, -1, -1, -1],)]
win 26
[-1, -1, -1, -1, -1]
[-1, -1, -1, -1, -1]
[-1, -1, -1, -1, -1]
[-1, -1, -1, -1, -1]
[-1, -1, -1, -1, -1]

zop [([3, 15, 0, 2, 22],), ([9, 18, 13, 17, 5],), ([19, 8, 7, 25, 23],), ([20, 11, 10, 24, 4],), ([14, 21, 16, 12, 6],)]
*zop [([-1, -1, -1, -1, -1],), ([-1, -1, -1, -1, -1],), ([-1, -1, -1, -1, -1],), ([-1, -1, -1, -1, -1],), ([-1, -1, -1, -1, -1],)]
win 1
[-1, -1, -1, -1, -1]
[-1, -1, -1, -1, -1]
[-1, -1, -1, -1, -1]
[-1, -1, -1, -1, -1]
[-1, -1, -1, -1, -1]

